01 Hardrock
s01.mp3
53.93
38
74
151
6.74094 40
7.24694 43
7.58394 40
7.75194 40
8.25794 40
8.59494 40
8.76394 47
8.93194 45
9.10094 43
9.43794 40
9.94294 40
10.2799 38
10.4489 40
10.9549 40
11.2919 38
11.4599 62 38
11.6289 64 40
12.1339 40
12.6399 43
12.9769 40
13.1459 40
13.6509 40
13.9879 40
14.1569 47
14.3249 45
14.4939 43
14.8309 40
15.3369 43
15.6739 40
15.8419 45
16.3479 47
16.5159 45
16.8529 43
17.0219 45
17.1909 43
17.5279 52 40
18.0329 52
18.3699 50
18.5389 52
19.0439 52
19.3819 50
19.5499 52
19.7189 54
19.8869 54
20.2239 52
20.7299 52
21.0669 50
21.2359 52
21.7409 52
22.0779 50
22.2469 52
22.4149 54
22.5839 50
22.9209 52
23.4269 52
23.7639 50
23.9319 52
24.4379 52
24.7749 50
24.9429 52
25.1119 54
25.2799 54
25.6179 52
26.1229 52
26.4599 50
26.6289 50
26.7969 52
26.9659 55
27.1339 52
27.3029 50
27.4709 47
27.6399 45
27.9769 43
28.3139 52 40
28.8199 52
29.1569 50
29.3249 52
29.8309 52
30.1679 50
30.3369 52
30.5049 54
30.6739 54
31.0109 52
31.5159 52
31.8529 50
32.0219 52
32.5279 52
32.8649 50
33.0329 52
33.2019 54
33.3699 50
33.7069 52
34.2129 52
34.5499 50
34.7189 52
35.2239 52
35.5609 50
35.7299 52
35.8979 54
36.0669 54
36.4039 62 50
36.5729 64 52
36.7409 67 55
36.9099 64 52
37.0779 67 55
37.2469 69 57
37.4149 67 55
37.5839 69 57
37.7519 71 59
37.9209 74 62
38.0889 71 59
38.2579 74 62
38.4269 71 59
38.5949 69 57
38.7639 67 55
39.1009 64 52 40
39.6059 55 43
39.9429 52 40
40.1119 52 40
40.6179 52 40
40.9549 52 40
41.1229 59 47
41.2919 57 45
41.4599 55 43
41.7969 52 40
42.3029 52 40
42.6399 50 38
42.8089 52 40
43.3139 52 40
43.6509 50 38
43.8199 62 50 38
43.9879 64 52 40
44.4939 52 40
44.9999 55 43
45.3369 52 40
45.5049 52 40
46.0109 52 40
46.3479 52 40
46.5159 59 47
46.6849 57 45
46.8529 55 43
47.1909 52 40
47.6959 55 43
48.0329 52 40
48.2019 57 45
48.7069 59 47
48.8759 57 45
49.2129 55 43
49.3819 57 45
49.5499 55 43
49.8869 52 40
