02 Slowrock
s02.mp3
72.73
42
71
210
4.54527 47
4.99927 59 54 47
5.45427 47
5.74827 59 54 47
6.21127 62 59 54 47
6.66527 59
6.81727 57
7.11927 54
7.27227 53
7.57427 54
7.72627 52
8.02927 50
8.18127 47
8.63627 59 54 47
9.09027 47
9.38527 59 54 47
9.84727 62 54 47
10.3013 59
10.4543 62
10.7563 59
10.9083 66
11.2103 64
11.3633 62
11.6653 59
11.8173 52
12.2723 64 59 52
12.7263 52
13.0213 64 59 52
13.4833 71 67 59 52
13.9383 64
14.0903 62
14.3923 59
14.5453 58
14.8473 59
14.9993 57
15.3013 55
15.4543 47
15.9083 59 54 47
16.3633 47
16.6573 59 54 47
17.1193 62 54 47
17.5743 59
17.7263 62
18.0293 59
18.1813 64
18.4833 59
18.6363 62
18.9383 64
19.0903 54
19.5453 70 61 54
19.9993 54
20.2943 70 61 54
20.7563 68 59 52
21.2103 59
21.3633 62
21.6653 59
21.8173 64
22.1193 59
22.2723 62
22.5743 59
22.7263 47
23.1813 59 54 47
23.6363 47
23.9303 59 54 47
24.3923 62 54 47
24.8473 59
24.9993 62
25.3013 59
25.4543 66
25.7563 64
25.9083 62
26.2103 59
26.3633 47
26.8173 59 54 47
27.2723 47
27.5663 59 54 47
28.0293 62 54 47
28.4833 59
28.6363 57
28.9383 54
29.0903 53
29.3923 54
29.5453 52
29.8473 50
29.9993 47
30.4543 59 54 47
30.9083 47
31.2033 59 54 47
31.6653 62 54 47
32.1193 59
32.2723 62
32.5743 59
32.7263 66
33.0293 64
33.1813 62
33.4833 59
33.6363 52
34.0903 64 59 52
34.5453 52
34.8393 64 59 52
35.3013 71 67 59 52
35.7563 64
35.9083 62
36.2103 59
36.3633 58
36.6653 59
36.8173 57
37.1193 55
37.2723 47
37.7263 59 54 47
38.1813 47
38.4763 59 54 47
38.9383 62 54 47
39.3923 59
39.5453 62
39.8473 59
39.9993 64
40.3013 59
40.4543 62
40.7563 64
40.9083 54
41.3633 70 61 54
41.8173 54
42.1123 70 61 54
42.5743 68 59 52
43.0293 59
43.1813 62
43.4833 59
43.6363 64
43.9383 59
44.0903 62
44.3923 59
44.5453 47
44.9993 59 54 47
45.4543 47
45.7483 59 54 47
46.2103 62 54 47
46.6653 59
46.8173 62
47.1193 59
47.2723 64
47.5743 59
47.7263 62
48.0293 64
48.1813 67 59 55 43
48.6363 59
48.9603 62
49.3993 59
49.5453 67 59 55 43
49.8643 66 58 54 42
50.3013 59
50.4543 59
50.7563 59
50.9083 64
51.2103 62
51.3633 59
51.6653 57
51.8173 59
52.2723 59 54 47
52.7263 47
53.0213 59 54 47
53.4573 62 54 47
53.9383 59
54.0903 62
54.3923 59
54.5453 64
54.8473 59
54.9993 62
55.3013 64
55.4543 67 59 55 43
55.9083 59
56.2253 62
56.6723 59
56.8173 67 59 55 43
57.1193 66 58 54 42
57.6033 59
57.7753 59
58.0583 64
58.5123 62
58.6873 58
58.9753 59
59.5453 59 54 47
59.9993 47
60.2943 59 54 47
60.7563 62 54 47
61.2103 59
61.3633 62
61.6653 59
61.8173 66
62.1193 64
62.2723 62
62.5743 59
62.7263 47
63.1813 59 54 47
63.6363 47
63.9303 59 54 47
64.3923 62 54 47
64.8473 59
64.9993 62
65.3013 59
65.4543 66
65.7563 64
65.9083 62
66.2043 59
66.4763 59 54 47
70.9083 47
70.9923 54
71.0753 59
71.1593 62
71.2423 66
