03 Happy rock school _______________________________________
s03.mp3
66.29
48
74
374
1.894 69
2.052 67
2.21 62
2.368 67
2.684 62
2.842 67
3.157 62
3.315 67
3.631 62
3.789 67
4.105 62
4.263 67
4.578 62
4.736 67
4.894 62
5.052 57
5.21 62
5.368 66
5.526 57
5.684 62
5.842 66
5.999 57
6.157 62
6.315 66
6.473 57
6.631 62
6.789 66
6.947 57
7.105 62
7.263 66
7.421 62
7.578 55
7.736 62
7.894 67
8.052 55
8.21 62
8.368 67
8.526 55
8.684 62
8.842 67
8.999 55
9.157 62
9.315 67
9.473 55
9.631 62
9.789 67
9.947 62
10.105 60
10.263 67
10.421 72
10.578 60
10.736 67
10.894 72
11.052 60
11.21 67
11.368 72
11.526 60
11.684 67
11.842 72
11.999 60
12.157 67
12.315 72
12.473 62
12.631 55
12.789 55
12.947 62
13.105 55
13.263 60
13.421 62
13.578 55
13.736 59
13.894 62
14.052 55
14.21 60
14.368 62
14.526 59
14.684 55
14.842 50
14.999 55
15.157 50
15.315 54
15.473 62
15.631 54
15.789 60
15.947 62
16.105 54
16.263 60
16.421 62
16.578 55
16.736 60
16.894 62
17.052 59
17.21 55
17.368 62
17.526 66
17.684 52
17.842 52
17.999 62
18.157 52
18.315 60
18.473 62
18.631 52
18.789 60
18.947 62
19.105 52
19.263 60
19.421 62
19.578 59
19.736 52
19.894 62
20.052 52
20.21 60
20.368 67
20.526 72
20.684 60
20.842 67
20.999 72
21.157 60
21.315 67
21.473 72
21.631 60
21.789 67
21.947 72
22.105 60
22.263 67
22.421 72
22.578 74
22.736 71
22.894 71
23.052 71
23.21 69
23.368 71
23.526 71
23.684 71
23.842 69
23.999 71
24.157 74
24.315 72
24.473 71
24.631 71
24.789 67
24.947 62
25.263 69
25.421 69
25.578 69
25.736 67
25.894 69
26.052 69
26.21 69
26.368 67
26.526 69
26.684 74
26.842 72
26.999 71
27.157 71
27.315 67
27.473 62
27.789 67
27.947 67
28.105 67
28.263 66
28.421 67
28.578 67
28.736 67
28.894 66
29.052 67
29.21 71
29.368 69
29.526 67
29.684 67
29.842 66
29.999 59
30.315 64
30.473 64
30.631 64
30.789 62
30.947 64
31.105 64
31.263 62
31.421 71
31.736 69
31.894 67
32.052 64
32.21 70
32.368 69
32.526 67
32.842 71
32.999 71
33.157 71
33.315 69
33.473 71
33.631 71
33.789 71
33.947 69
34.105 71
34.263 74
34.421 72
34.578 71
34.736 71
34.894 67
35.052 62
35.368 69
35.526 69
35.684 69
35.842 67
35.999 69
36.157 69
36.315 69
36.473 67
36.631 69
36.789 74
36.947 72
37.105 71
37.263 71
37.42 67
37.578 62
37.894 67
38.052 67
38.21 67
38.368 66
38.526 67
38.684 67
38.842 67
38.999 66
39.157 67
39.315 71
39.473 69
39.631 67
39.789 67
39.947 66
40.105 59
40.42 64
40.578 64
40.736 64
40.894 62
41.052 64
41.21 62
41.368 59
41.526 62
41.684 55
41.842 59
41.999 57
42.157 55
42.315 57
42.394 59
42.473 57
42.631 55
42.947 55
43.105 55
43.263 62
43.42 55
43.578 60
43.736 55
43.894 55
44.052 59
44.21 55
44.368 60
44.526 55
44.684 55
44.842 60
44.999 59
45.157 55
45.315 57
45.473 50
45.631 57
45.789 62
45.947 57
46.105 60
46.263 57
46.42 50
46.578 59
46.736 57
46.894 60
47.052 57
47.21 57
47.368 60
47.526 59
47.684 55
47.999 52
48.157 59
48.315 62
48.473 59
48.631 60
48.789 59
48.947 52
49.105 59
49.263 59
49.42 60
49.578 59
49.736 59
49.894 60
50.052 59
50.21 55
50.368 52
50.526 48
50.684 55
50.842 62
50.999 55
51.157 60
51.315 55
51.473 48
51.631 59
51.789 55
51.947 60
52.105 55
52.263 55
52.42 55
52.499 57
52.578 55
52.736 50
53.052 55
53.21 55
53.368 62
53.526 55
53.684 60
53.842 55
53.999 55
54.157 59
54.315 55
54.473 60
54.631 55
54.789 55
54.947 60
55.105 59
55.263 55
55.42 57
55.578 50
55.736 57
55.894 62
56.052 57
56.21 60
56.368 57
56.526 50
56.684 59
56.842 57
56.999 60
57.157 57
57.315 57
57.473 60
57.631 59
57.789 55
58.105 52
58.263 59
58.42 62
58.578 59
58.736 60
58.894 59
59.052 52
59.21 59
59.368 59
59.526 60
59.684 59
59.842 59
59.999 60
60.157 59
60.315 55
60.473 52
60.631 48
60.789 55
60.947 62
61.105 55
61.263 60
61.42 55
61.578 48
61.736 59
61.894 55
62.052 60
62.21 55
62.368 55
62.526 55
62.605 57
62.684 55
62.842 50
63.155 55
