04 Medieval School
s04.mp3
54.75
53
75
122
3 62
3.75 62
3.937 60
4.125 62
4.312 63
4.5 62
4.875 60
5.625 58
5.812 57
6 58
6.937 57
7.125 55
7.312 53
8.625 60
9 58
9.937 60
10.125 58
10.312 62
10.5 60
10.875 57
11.625 54
12 55
12.562 58
13.125 60
13.687 65
14.25 65
14.625 65
15 67
15.562 67
16.125 67
16.687 66
17.25 66
17.625 66
18 67
18.562 67
19.125 67
19.687 69
20.25 69
20.625 72
20.812 69
21 70
21.562 70
22.125 70
22.687 69
23.25 69
23.625 69
23.812 66
24 67
24.562 75
25.125 74
25.687 72
26.25 70
26.625 69
27 67
27.375 69
27.75 70
28.125 67
28.312 69
28.687 66
28.875 69
29.25 70
29.625 66
29.812 69
30.187 67
30.375 70
30.75 70
31.125 67
31.312 69
31.687 65
31.875 69
32.25 69
32.625 70
32.812 69
33 67
33.375 69
33.75 70
34.125 67
34.312 69
34.687 66
34.875 69
35.25 70
35.625 66
35.812 69
36 75
36.187 67
36.375 70
36.75 72
37.125 67
37.312 69
37.687 65
37.875 69
38.062 65
38.25 70
38.437 65
38.625 69
38.812 65
39 62
39.75 62
39.937 60
40.125 62
40.312 63
40.5 62
40.593 63
40.687 62
40.875 60
41.625 58
41.812 57
42 58
42.937 57
43.125 55
43.312 53
44.625 60
45 58
45.937 60
46.125 58
46.312 62
46.5 60
46.875 57
47.625 54
48 55
49.5 53
51 55
