05 Tundra1
s05.mp3
120.00
52
71
122
5.14257 54
5.57057 55
5.99957 59
6.42757 66
10.2856 64
11.9996 59
13.7136 57
15.4276 52
16.2856 55
16.7136 54
18.8566 54
19.2856 55
19.7136 59
20.1426 66
21.8566 67
22.0706 64
23.9996 59
25.2856 62
25.4996 59
26.9996 57
27.2136 55
27.4276 54
28.7136 55
28.9276 52
32.5706 54
32.9996 55
33.4276 59
33.8566 66
37.7136 64
39.4276 59
41.1426 57
42.8566 52
43.7136 55
44.1426 54
46.2856 54
46.7136 55
47.1426 59
47.5706 66
49.2856 67
49.4996 64
50.9996 62
51.2136 59
52.7136 57
52.9276 54
54.4276 55
54.6426 52
55.7136 54
56.5706 55
57.4276 59
57.8566 62
58.2856 64
59.5706 59
59.7856 62
59.9996 64
60.4276 67
60.8566 66
61.2856 62
61.4996 64
62.9996 59
63.2136 62
63.4276 64
63.8566 67
64.2856 66
64.7136 62
64.9276 59
66.4276 57
66.6426 55
66.8566 59
67.2856 62
67.7136 57
68.1426 55
68.3566 57
69.8566 59
70.0706 55
71.1426 54
71.9996 64
73.2856 59
73.4996 62
73.7136 64
74.1426 67
74.5706 66
74.9996 62
75.2136 64
76.7136 59
76.9276 62
77.1426 64
77.5706 67
77.9996 66
78.4276 62
78.6426 59
80.1426 57
80.3566 55
80.5706 59
80.9996 62
81.4276 57
81.8566 55
82.0706 57
83.5706 59
83.7856 54
85.2856 55
85.4996 52
87.4276 66
88.7136 64
89.1426 59
90.8566 71
94.2856 62
95.1426 55
95.9996 54
97.7136 71
101.143 66
102 59
102.857 64
104.571 55
105.428 62
106.286 59
108 66
108.857 59
111.428 54
111.857 55
112.286 59
112.714 66
113.143 67
