06-Snow
s06.mp3
73.05
43
76
114
4.137 64
4.655 62
5.172 55
5.517 57
6.896 55
7.931 59
8.103 60
9.655 64
10.172 62
10.689 55
11.034 57
12.068 60
12.241 59
12.758 55
13.448 50
13.62 52
15.172 64
15.689 62
16.206 55
16.551 57
17.931 55
18.965 59
19.137 60
20.689 64
21.206 62
21.724 55
22.068 57
23.103 60
23.275 62
23.793 64
24.482 67
24.834 69
27.068 64
27.241 69
27.413 71
27.586 72
28.103 71
28.62 67
29.137 64
29.655 62
29.827 64
30.172 72
32.241 64
32.413 69
32.586 71
32.93 72
33.62 71
34.137 67
34.655 64
35.172 74
35.517 72
35.689 74
35.862 76
36.551 74
37.068 72
37.586 71
37.93 69
38.275 67
38.62 69
39.137 71
39.655 72
39.999 67
40.517 64
41.034 62
41.379 60
41.896 62
42.413 64
42.758 55
43.275 60
43.793 55
44.137 57
46.034 62
46.206 64
46.379 67
46.896 69
49.137 52
49.31 57
49.482 59
49.655 60
50.172 59
50.689 55
51.206 52
51.724 50
52.241 48
54.31 52
54.482 57
54.655 59
54.999 60
55.689 59
56.206 55
56.724 52
57.241 62
57.586 60
57.758 62
57.93 64
58.62 62
59.137 60
59.655 59
59.999 57
60.344 55
60.689 57
61.206 59
61.724 60
62.068 55
62.586 52
63.103 50
63.448 48
63.965 50
64.482 52
64.827 43
65.344 48
65.861 43
66.206 45
68.972 69
