07-Jazz1
s07.mp3
60.04
47
79
189
3.428 59
3.857 64
4.235 66
4.285 67
4.642 64
4.999 58
5.571 64
5.949 66
5.999 67
6.428 64
6.713 57
7.57 52
7.714 57
7.999 59
8.142 60
8.427 59
8.856 55
10.285 59
10.714 64
11.092 66
11.142 67
11.427 64
11.856 71
12.284 70
12.356 69
12.428 67
12.713 64
13.141 59
13.285 64
13.57 66
14.856 59
14.999 67
15.142 66
15.284 65
15.428 64
16.141 59
16.285 62
16.57 59
16.714 63
16.999 59
17.142 64
17.427 59
18.284 59
18.428 66
18.713 67
18.857 64
19.141 58
19.999 59
20.142 66
20.427 67
20.571 64
20.856 57
21.284 52
21.428 57
21.713 59
21.857 60
22.091 60
22.141 59
22.999 59
23.142 62
23.427 59
23.571 63
23.856 59
23.999 64
24.282 60
25.141 59
25.285 66
25.57 67
25.714 66
25.999 59
26.856 59
26.999 67
27.284 66
27.428 64
28.57 66
28.714 67
28.999 71
29.427 76
29.571 75
29.856 74
29.999 72
30.284 71
30.428 69
30.713 67
30.857 66
30.927 67
30.999 66
31.141 64
31.285 59
31.57 57
31.714 55
31.999 52
32.142 54
32.427 55
32.571 59
32.856 64
32.999 58
33.214 57
34.141 52
34.285 55
34.428 52
34.57 54
34.714 55
34.856 59
34.999 62
35.142 63
35.285 66
35.427 69
35.571 72
35.713 75
35.856 72
35.999 71
36.284 67
36.428 66
36.713 64
37.141 71
37.285 74
37.57 71
37.714 72
37.999 64
38.142 71
38.427 68
38.571 69
38.856 71
38.999 72
39.284 76
39.428 78
39.57 79
39.713 78
39.857 76
40.141 72
40.285 71
40.57 69
40.714 67
40.999 66
41.427 59
41.856 59
41.999 66
42.284 59
42.428 67
42.713 64
43.999 59
44.142 62
44.427 63
44.571 64
44.999 59
45.428 55
45.713 52
46.141 58
46.57 52
46.999 54
47.142 55
47.427 58
47.571 61
47.856 64
47.999 63
48.284 60
48.428 57
48.713 54
48.857 55
49.141 59
49.285 66
49.57 64
49.999 59
50.427 64
50.856 66
51.284 67
51.428 60
51.857 59
52.285 57
52.57 59
52.714 60
52.999 64
53.427 59
53.856 59
53.999 66
54.428 63
54.713 64
55.57 59
55.714 62
55.856 59
55.999 58
56.142 57
56.285 55
56.427 52
56.571 55
56.856 52
56.999 47
57.284 52
