08_Desert
s08.mp3
62.04
38
69
203
2.823 40
3.176 43
3.529 40
3.877 50
4.407 40
4.588 40
4.76 38
4.936 40
5.113 50
5.294 47
5.647 40
5.999 43
6.348 40
6.705 50
7.23 40
7.407 40
7.583 38
7.764 46
7.936 45
8.117 43
8.466 40
8.818 43
9.176 40
9.529 50
10.054 40
10.235 40
10.407 38
10.588 40
10.76 50
10.936 47
11.294 40
11.647 43
11.999 40
12.348 50
12.877 40
13.058 40
13.23 38
13.407 46
13.583 45
13.764 43
14.117 40
14.466 43
14.818 40
15.176 50
15.701 40
15.877 40
16.054 38
16.23 40
16.407 50
16.583 47
16.936 40
17.289 43
17.642 40
17.995 50
18.524 40
18.701 40
18.877 38
19.054 46
19.23 45
19.407 43
19.76 40
20.113 43
20.466 40
20.818 50
21.348 40
21.524 40
21.701 38
21.877 40
22.054 50
22.23 47
22.583 40
22.936 43
23.289 40
23.642 50
24.171 40
24.348 40
24.524 38
24.701 58 46
24.877 57 45
25.054 55 43
25.407 52 40
25.76 52 40
26.289 52
26.466 52
26.642 50
26.818 52
26.995 55
27.171 52
27.348 52
28.23 52 40
28.583 52 40
29.113 52
29.289 52
29.466 50
29.642 58
29.995 58
30.348 55
30.524 57
30.701 55
31.054 52 40
31.407 52 40
31.936 52
32.113 52
32.289 50
32.466 52
32.642 55
32.818 52
32.995 52
33.524 55
33.701 57
33.877 55 43
34.23 55 43
34.583 55 43
34.936 52 40
35.642 62
35.818 64
35.995 67
36.171 64
36.348 62
36.524 64
36.701 52 40
37.054 52 40
37.583 52
37.76 52
37.936 50
38.113 52
38.289 55
38.466 52
38.642 52
39.524 52 40
39.877 52 40
40.407 52
40.583 52
40.76 50
40.936 58
41.289 58
41.642 67 55
41.818 69 57
41.995 67 55
42.348 52 40
42.701 52 40
43.23 52
43.407 52
43.583 50
43.76 52
43.936 55
44.113 52
44.289 52
44.818 55
44.995 57
45.171 59 47
45.524 59 47
45.877 59 47
46.23 62 50
46.76 59
46.936 62
47.113 59
47.289 64
47.466 59
47.642 57
47.818 55
47.995 40
48.348 43
48.701 40
49.054 50
49.583 40
49.76 40
49.936 38
50.113 40
50.289 50
50.466 47
50.818 40
51.171 43
51.524 40
51.877 50
52.407 40
52.583 40
52.76 38
52.936 46
53.113 45
53.289 43
53.642 40
53.995 43
54.348 40
54.701 50
55.23 40
55.407 40
55.583 38
55.76 40
55.936 50
56.113 47
56.466 40
56.818 43
57.171 40
57.524 50
58.054 40
58.23 40
58.407 38
58.583 58 46
58.76 57 45
58.936 55 43
59.289 52 40
59.642 52 40
