09_Plyasovaya1
s09.mp3
35.53
43
67
148
2.346 55
2.513 55
2.681 60
3.016 59
3.184 59
3.351 57
3.687 57
4.022 55
4.357 55
4.525 55
4.692 60
4.86 60
5.027 59
5.195 59
5.363 57
5.698 57
6.033 55
6.368 62
6.536 62
6.703 64
7.039 62
7.206 62
7.374 60
7.709 62
7.877 60
8.044 59
8.379 62
8.547 62
8.715 64
8.882 64
9.05 62
9.217 62
9.385 60
9.553 60
9.72 62
9.888 60
10.055 59
10.391 55
10.558 55
10.726 60 55
11.061 59
11.229 59
11.396 57 50
11.731 57 50
12.067 59 55
12.402 55
12.569 55
12.737 60 55
12.905 60 55
13.072 59
13.24 59
13.407 57 50
13.742 57 50
14.078 59 55
14.413 62
14.58 62
14.748 64 55
15.083 62
15.251 62
15.418 60 54
15.754 62 54
15.921 60 54
16.089 59 55
16.424 62
16.592 62
16.759 64 55
16.927 64 55
17.094 62
17.262 62
17.43 60 54
17.597 60 54
17.765 62 50
17.932 60 50
18.1 59 55
18.435 55
18.603 55
18.77 60 55
19.106 59 50
19.273 59 50
19.441 57 54
19.776 57 54
20.111 62 55
20.446 55 50
20.614 55 50
20.782 60 55 48
20.949 60 48
21.117 59 48
21.284 59 48
21.452 57 54 50
21.787 57 54 50
22.122 62 55 43
22.458 62 50
22.625 62 50
22.793 64 55 48
23.128 62 55
23.296 62 55
23.463 60 54 50
23.798 62 54 50
23.966 60 54 50
24.134 59 50 43
24.469 62 50
24.636 62 50
24.804 64 55 48
24.972 64 55 48
25.139 62 55 48
25.307 62 55 48
25.474 60 54 50
25.642 60 54 50
25.81 62 54 50
25.977 60 54 50
26.145 59 50 43
26.48 55
26.648 55
26.815 60 55
27.15 59
27.318 59
27.485 57 54
27.821 57 54
28.156 62 55
28.491 55
28.659 55
28.826 60 48
28.994 60 48
29.161 59
29.329 59
29.497 57 50
29.832 57 50
30.167 62 55
30.502 62
30.67 62
30.837 64 55
31.173 62
31.34 62
31.508 60 54
31.843 62 54
32.011 60 54
32.178 59 55
32.513 62
32.681 62
32.849 64 48
33.016 64 48
33.184 62
33.351 62
33.519 60 54
33.687 60 54
33.854 64 54
34.022 66 54
34.189 67 55
